0.00010449341082117676 0.00015523840000009233
0.0008391007810477167 0.0012044288000001308
0.002839674115347874 0.0039405312000001455
0.006741761812444191 0.009050521599999882
0.013172241678896489 0.01711999999999987
0.02273961538405156 0.028637798399999997
0.036022891775113336 0.04400058879999999
0.05355901396367228 0.06351749120000012
0.07582882501204129 0.08741468159999978
0.10324162253072997 0.11583999999999976
0.13611842713735495 0.14886755839999988
0.17467418748752767 0.1865023488
0.21899926964212382 0.22868485120000004
0.269040734948751 0.2752956416000001
0.32458410182048136 0.3261600000000001
0.38523651475774945 0.3810525184000001
0.4504125079226076 0.4397017088000001
0.519323845235988 0.5017946111999999
0.5909752319324394 0.5669814016000001
0.6641680008572944 0.6348800000000002
0.7375141426953761 0.7050806783999998
0.8094632147252611 0.7771506687999998
0.8783446435212219 0.8506387712
0.9424276178979424 0.9250799616
1 1