0.0020004996659576113 0.0020000000000000018
5.001330328306512E-06 5.996000000001601E-06
1.300336090603137E-08 1.997001197080942E-08
3.434174531037008E-11 6.983207919880746E-11
9.141945790640244E-14 2.511475898522153E-13
2.512878727685442E-16 9.223941733492893E-16
-2.9861726148247535E-17 -4.313163446693126E-17
5.3198635879913616E-17 3.747071386685637E-17
1.1387022812586214E-17 3.3632493494720363E-17
-3.947818146039978E-17 -2.4212752628577244E-17
3.3603261743482236E-17 4.430294542900428E-17
-5.0839716042844503E-17 2.2009778505055104E-17
1.5983375259822536E-17 -3.4356550653650557E-17
2.1496852170026063E-17 -1.5913128907354994E-17
2.0266191148738368E-17 4.465496793055923E-17