-5.3920962176999604E-17 3.401250085880579E-16
-3.6772077692111154E-17 8.720516797968592E-16
-7.994830626975935E-17 1.5024687714894313E-15
4.467945082067481E-17 2.3114527185686423E-14
1.3077075633238502E-14 3.1795095752264974E-12
9.71547864192194E-13 1.5469421161537837E-10
3.634484624221773E-11 3.788452748159771E-09
8.152229666668934E-10 5.5973292725307306E-08
1.2304212644413564E-08 5.605769792011548E-07
1.3511997820687068E-07 4.120215929405313E-06
1.1407823714933838E-06 2.3517212959424382E-05
7.706884790752292E-06 0.00010867053949681663
4.2917697835085096E-05 0.0004195497357609725
0.00020145220936196962 0.0013867567614984449
0.0008106495758247131 0.004000671057150953
0.002832600203000825 0.010230682700223974
0.008677713930342204 0.02348552632782346
0.023472748678535556 0.048905848526832774
0.05634280437510668 0.0931972485483462
0.12041713915218981 0.16375308124541768
0.22962698727936826 0.26703166000399936
0.39119913536368817 0.40649807877981253
0.5960605786933884 0.5807674578696238
0.8138258517697454 0.7827023178664865
1 1