3.019455916865059E-17 8.576871421819273E-16
-9.263527985788911E-17 1.575987447166519E-15
7.2487069885511E-17 2.7514619598532194E-15
1.351012218906467E-16 -2.140274754704061E-15
1.2929300114619525E-16 -1.5020152705416256E-15
1.9957911864620503E-17 -1.4956440629598475E-16
6.738559860681593E-17 7.66206940714263E-17
6.696677640545056E-17 1.5234970958386782E-14
2.522211485310599E-16 1.2917216089942163E-12
3.022857399298838E-14 6.61580584242963E-11
2.1399934697989242E-12 2.0322376373593254E-09
9.666981656468574E-11 4.078486504885337E-08
2.963200185707138E-09 5.694045095449142E-07
6.442970854303072E-08 5.804954061884849E-06
1.027573704815996E-06 4.489719193763161E-05
1.2327727103602791E-05 0.000271619869950517
0.00011334582154517201 0.0013177012628586434
0.00080947501863858 0.005232188668155496
0.004531221687342357 0.0172987635095273
0.019990204580464386 0.0483256916961864
0.06968378995232331 0.11554445777322503
0.19205168323226682 0.2392130930563917
0.41851956466328 0.4335951100514571
0.7228984090630344 0.6957560527540687
1 1