0.0401972174494325 0.040000000000000036
0.08077677027040919 0.08000000000000007
0.12171817795780326 0.1200000000000001
0.1629975655419471 0.15999999999999992
0.20458727394278242 0.19999999999999996
0.24645542888549765 0.24
0.288565464564678 0.28
0.33087559811371203 0.32000000000000006
0.3733382508928813 0.3599999999999999
0.41589941269644637 0.3999999999999999
0.45849794525520027 0.43999999999999995
0.501064821956418 0.48
0.5435223016260116 0.52
0.585783035663336 0.56
0.627749109982254 0.6000000000000001
0.6693110263527959 0.6400000000000001
0.7103466322021188 0.6800000000000002
0.7507200141802212 0.72
0.79028037943049 0.76
0.8288609603224694 0.8
0.8662779944404833 0.8399999999999999
0.9023298532154249 0.8799999999999999
0.9367964214456104 0.9199999999999999
0.9694388682155607 0.96
1 1