1.570869486186214E-08 5.4241482489372614E-08
1.0065513978816372E-06 3.179728096278277E-06
1.1450671062965843E-05 3.3128231518460055E-05
6.408471846507566E-05 0.00017000299747396453
0.00024280274536282221 0.0005914121599998718
0.0007178331563036941 0.0016079815892740983
0.0017861421245221058 0.0036861803141699278
0.0039127682755555485 0.00745479570197981
0.0077675514704078265 0.013694055382954812
0.01425061036379468 0.023308410879999526
0.024499128199981714 0.037285452327436096
0.03986775081331363 0.056644388700532525
0.061875452628324785 0.08237807367244337
0.09211337551965347 0.11539274949029138
0.1321111687135352 0.1564495819200004
0.1831639625710432 0.20611172603268507
0.24612834930897626 0.2647001489562903
0.3212034114385527 0.33226079113686063
0.4077213342191349 0.4085449174663509
0.5039803397466074 0.49300373504000006
0.6071588487426052 0.5847975723876818
0.7133515600830328 0.6828191587416587
0.81776276399058 0.7857298400991604
0.9150769630154373 0.8920069462332056
1 1