4.143029278879921E-16 9.238621642015933E-15
1.5691851387413963E-12 3.000827629822916E-11
2.0179047935123971E-10 3.148845603590863E-09
6.27757374491256E-09 8.00860199405987E-08
8.945841348857024E-08 9.351536520390008E-07
7.758123770508595E-07 6.663075506852688E-06
4.762952366863562E-06 3.371378096924242E-05
2.2649395868601188E-05 0.00013261081894932312
8.838467916586967E-05 0.0004298486761657673
0.0002943295731766143 0.001194787417384009
0.0008598456133006684 0.0029295908065348473
0.002248321763848841 0.0064704275852722395
0.005341128699266642 0.013078011382475708
0.011658474604465759 0.024488607286414277
0.023584016616764104 0.04289600309206849
0.04450574274813361 0.07084228282488116
0.07874309666297369 0.11101009455038761
0.13111368797038142 0.16592888212887083
0.20603340835034084 0.2376280877291597
0.30616732884756326 0.32728688127978534
0.4308556636096148 0.4349383516191154
0.574781470127331 0.559283704809339
0.7275182114186901 0.6976585030070085
0.8745519663335641 0.8461703773460857
1 1