0.020049659504318806 0.020000000000000018
0.0005013028220883682 0.0005960000000000167
1.3032317209471967E-05 1.9701200000006255E-05
3.4413136284054284E-07 6.833396001078446E-07
9.161424954888023E-09 2.4370737236152123E-08
2.450907853278085E-10 8.850868445342814E-10
6.57785542691704E-12 3.2557837826751306E-11
1.7689978289217148E-13 1.2091011891951855E-12
4.812849312254388E-15 4.5315360365368746E-14
1.5483602605033624E-16 1.7915816516035668E-15
-2.60214387214422E-17 1.3087242546740428E-16
4.052857995724942E-17 5.32778636478977E-17
3.2854317925286376E-17 1.747104426531143E-16
-3.785565370013392E-17 9.694402871963353E-17
-5.961340321290956E-18 1.0812127318257233E-16