0.20458727394278242 0.19999999999999996
0.05097789283933862 0.05599999999999994
0.013172241678896489 0.01711999999999987
0.0034552434664851736 0.005455999999999978
0.0009136821879279127 0.0017818399999998237
0.00024280274536282221 0.0005914121599998718
6.47353169270997E-05 0.00019857097279981528
1.7299804187166855E-05 6.724977593577361E-05
4.631163972494008E-06 2.29288719940587E-05
1.2414021748015377E-06 7.859764653987615E-06
3.331084757354938E-07 2.706129943670796E-06
8.945841348857024E-08 9.351536520390008E-07
2.404103914033502E-08 3.2416683162895655E-07
6.464451984100187E-09 1.1267139354789094E-07
1.7390725453456312E-09 3.925226306527506E-08